#!ascii label, vox2ras=scanner
82
1 -19.6387 -79.6068 11.7429 0
2 -21.8138 -77.7544 10.9987 0
3 -24.0333 -76.7083 8.24919 0
4 -26.2084 -74.8559 7.50504 0
5 -21.6721 -77.7 18.2889 0
6 -21.7004 -76.756 17.8713 0
7 -22.8021 -75.8214 16.432 0
8 -24.982 -73.8527 15.0396 0
9 -26.0978 -71.8722 13.6208 0
10 -28.2777 -69.9036 12.2283 0
11 -29.3148 -69.5182 13.2766 0
12 -27.3294 -73.4477 16.5463 0
13 -26.6582 -73.1997 16.6448 0
14 -27.3684 -72.2399 16.6458 0
15 -27.3934 -72.6847 16.9359 0
16 -26.697 -71.0655 17.4971 0
17 -27.3984 -68.8915 17.0124 0
18 -28.1394 -67.6497 16.2968 0
19 -27.4278 -66.6719 16.9485 0
20 -27.408 -65.1275 16.5241 0
21 -26.7264 -63.777 16.4168 0
22 -26.7066 -61.541 16.7176 0
23 -26.7311 -60.2024 16.6406 0
24 -26.0073 -58.233 16.9668 0
25 -25.3084 -57.4 16.858 0
26 -25.2886 -55.164 17.1588 0
27 -24.5943 -53.8232 17.7757 0
28 -23.2222 -51.8356 17.3724 0
29 -22.5504 -48.9513 18.2759 0
30 -21.8594 -48.298 18.1549 0
31 -19.7536 -46.0394 19.1139 0
32 -19.0959 -46.0269 19.0959 0
33 -17.7661 -44.0403 19.4035 0
34 -15.712 -42.4686 19.6369 0
35 -13.6633 -41.0977 19.4939 0
36 -12.3117 -38.7533 21.1263 0
37 -11.654 -38.7408 21.1082 0
38 -8.89962 -37.3743 20.7599 0
39 -7.55088 -36.7085 20.6208 0
40 -6.20296 -35.1486 20.8845 0
41 -4.1485 -35.1051 19.3956 0
42 -2.78466 -35.0808 19.3471 0
43 -0.719513 -35.0097 19.1216 0
44 0.651695 -35.8873 18.6959 0
45 2.02291 -36.765 18.2702 0
46 4.10026 -37.6309 17.8142 0
47 4.7674 -38.3155 17.7824 0
48 6.84475 -39.1814 17.3264 0
49 10.2703 -39.3976 16.5563 0
50 11.7146 -41.6146 16.1953 0
51 12.3723 -41.6021 16.1772 0
52 15.1647 -43.1694 15.5021 0
53 15.8564 -44.4276 15.8531 0
54 17.2747 -46.1044 14.5575 0
55 19.3578 -47.6796 13.9 0
56 20.0917 -49.0104 13.9594 0
57 21.499 -50.9539 14.2663 0
58 22.2088 -52.5478 12.9458 0
59 23.5918 -54.063 12.5979 0
60 24.3196 -56.3768 11.5982 0
61 25.0019 -57.7029 11.6572 0
62 25.0208 -59.0238 11.2104 0
63 25.0982 -62.2624 11.9349 0
64 25.0932 -64.9212 11.5774 0
65 25.1273 -66.1919 11.9465 0
66 24.4645 -68.1716 12.3323 0
67 24.4891 -70.2018 11.6841 0
68 23.9023 -71.7687 13.4865 0
69 23.2245 -73.107 13.7817 0
70 21.8429 -75.0889 13.4735 0
71 21.2434 -76.8006 14.5155 0
72 20.6103 -78.1518 14.6105 0
73 19.2874 -80.0494 14.9591 0
74 18.6732 -82.0298 15.3326 0
75 18.0101 -83.0994 16.2962 0
76 17.3745 -84.3559 16.336 0
77 16.0541 -86.3481 16.7398 0
78 14.4361 -89.0221 21.0291 0
79 14.3698 -87.3649 18.7885 0
80 16.2975 -85.403 18.4624 0
81 16.2975 -85.403 18.4624 0
82 18.2044 -83.7081 16.1676 0
