109.639 46.3932 83.7429
111.814 48.2456 82.9987
114.033 49.2917 80.2492
116.208 51.1441 79.505
111.672 48.3 90.2889
111.7 49.244 89.8713
112.802 50.1786 88.432
114.982 52.1473 87.0396
116.098 54.1278 85.6208
118.278 56.0964 84.2283
119.315 56.4818 85.2766
117.329 52.5523 88.5463
116.658 52.8003 88.6448
117.368 53.7601 88.6458
117.393 53.3153 88.9359
116.697 54.9345 89.4971
117.398 57.1085 89.0124
118.139 58.3503 88.2968
117.428 59.3281 88.9485
117.408 60.8725 88.5241
116.726 62.223 88.4168
116.707 64.459 88.7176
116.731 65.7976 88.6406
116.007 67.767 88.9668
115.308 68.6 88.858
115.289 70.836 89.1588
114.594 72.1768 89.7757
113.222 74.1644 89.3724
112.55 77.0487 90.2759
111.859 77.702 90.1549
109.754 79.9606 91.1139
109.096 79.9731 91.0959
107.766 81.9597 91.4035
105.712 83.5314 91.6369
103.663 84.9023 91.4939
102.312 87.2467 93.1263
101.654 87.2592 93.1082
98.8996 88.6257 92.7599
97.5509 89.2915 92.6208
96.203 90.8514 92.8845
94.1485 90.8949 91.3956
92.7847 90.9192 91.3471
90.7195 90.9903 91.1216
89.3483 90.1127 90.6959
87.9771 89.235 90.2702
85.8997 88.3691 89.8142
85.2326 87.6845 89.7824
83.1553 86.8186 89.3264
79.7297 86.6024 88.5563
78.2854 84.3854 88.1953
77.6277 84.3979 88.1772
74.8353 82.8306 87.5021
74.1436 81.5724 87.8531
72.7253 79.8956 86.5575
70.6422 78.3204 85.9
69.9083 76.9896 85.9594
68.501 75.0461 86.2663
67.7912 73.4522 84.9458
66.4082 71.937 84.5979
65.6804 69.6232 83.5982
64.9981 68.2971 83.6572
64.9792 66.9762 83.2104
64.9018 63.7376 83.9349
64.9068 61.0788 83.5774
64.8727 59.8081 83.9465
65.5355 57.8284 84.3323
65.5109 55.7982 83.6841
66.0977 54.2313 85.4865
66.7755 52.893 85.7817
68.1571 50.9111 85.4735
68.7566 49.1994 86.5155
69.3897 47.8482 86.6105
70.7126 45.9506 86.9591
71.3268 43.9702 87.3326
71.9899 42.9006 88.2962
72.6255 41.6441 88.336
73.9459 39.6519 88.7398
75.5639 36.9779 93.0291
75.6302 38.6351 90.7885
73.7025 40.597 90.4624
73.7025 40.597 90.4624
71.7956 42.2919 88.1676
