#!ascii label, vox2ras=scanner
52
1 -10.6786 52.7345 17.2052 0
2 -12.7405 52.5462 16.0119 0
3 -13.7266 51.1621 15.1722 0
4 -13.4811 53.7055 8.48451 0
5 -14.9115 53.417 7.864 0
6 -15.5964 52.0705 7.95853 0
7 -16.2538 51.0743 7.81817 0
8 -16.9597 50.1522 7.27072 0
9 -17.7003 49.7187 5.6715 0
10 -18.3335 48.3675 5.76654 0
11 -18.3237 46.7601 5.17505 0
12 -18.3288 44.884 3.91509 0
13 -18.2853 42.916 4.27048 0
14 -16.1929 40.6436 3.59933 0
15 -16.1778 40.0022 3.68996 0
16 -15.4914 37.7781 3.35882 0
17 -14.062 35.1277 4.37639 0
18 -13.3448 34.3305 4.61222 0
19 -12.6585 32.1063 4.28109 0
20 -11.2668 30.7881 4.32242 0
21 -9.87467 29.4859 4.53873 0
22 -9.14603 27.9543 4.22176 0
23 -7.07276 27.9865 4.15575 0
24 -4.9491 26.1398 5.10137 0
25 -2.87582 26.172 5.03536 0
26 -0.774254 25.5693 5.95926 0
27 1.30599 25.6905 6.54948 0
28 3.41294 25.3622 7.43037 0
29 4.78007 25.3826 7.39472 0
30 6.86031 25.5038 7.98495 0
31 8.92416 26.2332 7.93261 0
32 11.0065 27.1699 9.1559 0
33 12.3962 26.654 10.0421 0
34 14.4692 27.5964 10.5539 0
35 15.1692 28.3014 10.55 0
36 16.5155 29.7535 11.0809 0
37 18.6331 30.683 11.3926 0
38 19.2662 32.0342 11.2975 0
39 19.2322 33.9965 11.6536 0
40 19.9135 36.2571 12.1241 0
41 19.8701 38.225 11.7687 0
42 19.8266 40.1929 11.4133 0
43 19.7738 42.858 11.0716 0
44 19.0726 44.8134 10.7343 0
45 19.0534 47.0445 11.7588 0
46 19.0194 48.3152 11.3897 0
47 18.3088 50.9678 11.0661 0
48 18.2654 52.9357 10.7107 0
49 16.8115 53.2151 9.59354 0
50 16.8054 54.5622 10.1786 0
51 16.7544 56.4683 9.625 0
52 20.4974 52.6451 10.774 0
