100.679 178.735 89.2052
102.741 178.546 88.0119
103.727 177.162 87.1722
103.481 179.705 80.4845
104.912 179.417 79.864
105.596 178.071 79.9585
106.254 177.074 79.8182
106.96 176.152 79.2707
107.7 175.719 77.6715
108.333 174.368 77.7665
108.324 172.76 77.175
108.329 170.884 75.9151
108.285 168.916 76.2705
106.193 166.644 75.5993
106.178 166.002 75.69
105.491 163.778 75.3588
104.062 161.128 76.3764
103.345 160.33 76.6122
102.659 158.106 76.2811
101.267 156.788 76.3224
99.8747 155.486 76.5387
99.146 153.954 76.2218
97.0728 153.986 76.1558
94.9491 152.14 77.1014
92.8758 152.172 77.0354
90.7743 151.569 77.9593
88.694 151.69 78.5495
86.5871 151.362 79.4304
85.2199 151.383 79.3947
83.1397 151.504 79.9849
81.0758 152.233 79.9326
78.9935 153.17 81.1559
77.6038 152.654 82.0421
75.5308 153.596 82.5539
74.8308 154.301 82.55
73.4845 155.753 83.0809
71.3669 156.683 83.3926
70.7338 158.034 83.2975
70.7678 159.996 83.6536
70.0865 162.257 84.1241
70.1299 164.225 83.7687
70.1734 166.193 83.4133
70.2262 168.858 83.0716
70.9274 170.813 82.7343
70.9466 173.044 83.7588
70.9806 174.315 83.3897
71.6912 176.968 83.0661
71.7346 178.936 82.7107
73.1885 179.215 81.5935
73.1946 180.562 82.1786
73.2456 182.468 81.625
69.5026 178.645 82.774
