#!ascii label, vox2ras=scanner
46
1 -16.5371 47.9332 -5.66442 0
2 -16.5371 47.9332 -5.66442 0
3 -14.4768 46.5806 -1.50928 0
4 -14.4768 46.5806 -1.50928 0
5 -17.0639 45.7711 5.72987 0
6 -20.7117 47.0525 3.6749 0
7 -21.3826 46.4948 5.35142 0
8 -21.3417 45.2395 6.79611 0
9 -22.6772 44.5803 7.83447 0
10 -24.01 42.2245 7.62507 0
11 -24.6583 41.5148 7.62948 0
12 -25.3345 41.1405 6.33566 0
13 -26.0201 40.6983 4.74973 0
14 -25.3013 40.009 4.7185 0
15 -25.2681 39.0318 3.1376 0
16 -25.9325 38.0201 1.92161 0
17 -25.1944 35.7912 1.59097 0
18 -25.8793 35.1363 2.41066 0
19 -25.8264 33.2363 3.05814 0
20 -25.0769 31.2802 3.38317 0
21 -25.0523 29.9416 3.46014 0
22 -24.2827 26.4631 3.86271 0
23 -24.2639 25.8338 4.14114 0
24 -23.5627 23.8784 4.47846 0
25 -23.5193 21.9105 4.83385 0
26 -22.7452 19.3074 5.96099 0
27 -22.7017 17.3394 6.31639 0
28 -21.2842 15.4809 7.29239 0
29 -21.2653 14.8516 7.57082 0
30 -21.1973 11.5451 8.00318 0
31 -20.4478 9.589 8.3282 0
32 -19.0466 8.33865 8.66162 0
33 -19.0032 6.37074 9.01702 0
34 -18.9528 4.49184 10.0286 0
35 -18.2032 2.53575 10.3537 0
36 -16.8169 1.01663 10.0186 0
37 -16.7734 -0.951286 10.374 0
38 -16.73 -2.9192 10.7294 0
39 -15.3227 -4.86275 11.0364 0
40 -14.6405 -5.49731 11.8204 0
41 -13.8839 -7.44522 12.346 0
42 -12.532 -9.47708 12.0091 0
43 -12.5037 -10.8036 12.2738 0
44 -10.421 -11.4685 12.1941 0
45 -12.0117 -13.9417 13.4769 0
46 -11.9692 -15.9315 13.874 0
