106.537 173.933 66.3356
106.537 173.933 66.3356
104.477 172.581 70.4907
104.477 172.581 70.4907
107.064 171.771 77.7299
110.712 173.053 75.6749
111.383 172.495 77.3514
111.342 171.24 78.7961
112.677 170.58 79.8345
114.01 168.225 79.6251
114.658 167.515 79.6295
115.334 167.141 78.3357
116.02 166.698 76.7497
115.301 166.009 76.7185
115.268 165.032 75.1376
115.932 164.02 73.9216
115.194 161.791 73.591
115.879 161.136 74.4107
115.826 159.236 75.0581
115.077 157.28 75.3832
115.052 155.942 75.4601
114.283 152.463 75.8627
114.264 151.834 76.1411
113.563 149.878 76.4785
113.519 147.911 76.8339
112.745 145.307 77.961
112.702 143.339 78.3164
111.284 141.481 79.2924
111.265 140.852 79.5708
111.197 137.545 80.0032
110.448 135.589 80.3282
109.047 134.339 80.6616
109.003 132.371 81.017
108.953 130.492 82.0286
108.203 128.536 82.3537
106.817 127.017 82.0186
106.773 125.049 82.374
106.73 123.081 82.7294
105.323 121.137 83.0364
104.641 120.503 83.8204
103.884 118.555 84.346
102.532 116.523 84.0091
102.504 115.196 84.2738
100.421 114.531 84.1941
102.012 112.058 85.4769
101.969 110.069 85.874
