#!ascii label, vox2ras=scanner
35
1 -14.9573 -46.1072 1.94559 0
2 -15.0716 -45.1296 0.741661 0
3 -14.1465 -43.2279 -1.45248 0
4 -14.1606 -43.2195 -2.5197 0
5 -14.1974 -41.2115 -2.63515 0
6 -16.4237 -40.8621 -4.88212 0
7 -16.4765 -38.8885 -5.949 0
8 -17.1752 -37.7194 -6.95622 0
9 -17.9223 -36.3951 -7.91489 0
10 -17.9969 -34.7793 -10.3065 0
11 -18.6956 -33.6101 -11.3137 0
12 -19.4521 -32.2802 -12.9839 0
13 -19.4931 -31.0985 -14.0092 0
14 -19.5325 -30.0287 -14.7546 0
15 -20.9426 -29.7637 -16.833 0
16 -20.9873 -28.5206 -18.4654 0
17 -21.755 -27.5209 -20.1969 0
18 -22.4631 -25.6545 -21.1904 0
19 -22.5159 -23.6809 -22.2573 0
20 -22.5757 -21.7964 -23.9804 0
21 -22.6167 -20.6147 -25.0057 0
22 -22.645 -19.2882 -25.2705 0
23 -22.0183 -16.9342 -27.114 0
24 -21.411 -15.0427 -28.1437 0
25 -21.4394 -13.7163 -28.4085 0
26 -20.7828 -11.7349 -29.4929 0
27 -20.8319 -9.8227 -29.9526 0
28 -20.2529 -6.60479 -31.2471 0
29 -20.9907 -5.28616 -31.4943 0
30 -21.7378 -4.11627 -32.4892 0
31 -23.1033 -3.18283 -31.9592 0
32 -23.7976 -3.83212 -31.851 0
33 -25.9847 -0.344681 -31.3693 0
34 -29.6417 -0.70771 -28.87 0
35 -31.77 -0.731239 -28.8173 0
