97.043 82.4369 100.413
99.1737 85.0956 101.674
99.1737 85.0956 101.674
98.6981 86.2034 101.862
100.293 88.2089 102.793
100.321 90.4456 103.106
99.6199 91.8755 104.379
99.6539 93.1462 104.01
99.6567 94.8426 105.258
99.685 96.1691 104.993
99.7231 99.103 105.32
99.7653 101.796 106.242
99.7693 102.694 106.632
99.1034 104.67 106.259
99.1212 107.007 107.416
98.4286 108.614 107.789
98.4531 109.953 107.712
98.4966 111.921 107.357
98.5403 114.799 107.579
97.8744 116.775 107.206
97.9178 118.743 106.851
97.9464 120.979 107.164
97.3322 122.96 106.79
97.3756 124.928 106.435
97.419 126.896 106.08
97.4719 128.869 105.013
97.5128 130.051 103.987
97.5563 132.019 103.632
97.6091 133.992 102.565
97.6525 135.96 102.21
97.7123 137.845 100.487
97.7652 139.818 99.4198
97.814 140.82 98.3823
97.8644 142.699 97.3707
97.9078 143.976 96.2901
97.9676 145.86 94.567
98.0053 147.192 93.5908
98.7213 148.879 92.585
98.7552 150.223 91.7965
98.8151 152.034 90.4928
98.9745 152.081 89.505
99.0218 153.956 88.4052
99.0728 155.972 87.2225
98.2471 156.579 83.7723
98.2753 156.596 81.6379
