#!ascii label, vox2ras=scanner
61
1 -4.77051 -23.7491 -27.7471 0
2 -4.8149 -24.5554 -29.7525 0
3 -3.26615 -24.3795 -30.9012 0
4 -1.90087 -25.9072 -28.5087 0
5 -2.5405 -25.655 -27.8094 0
6 -1.84409 -24.1901 -27.2845 0
7 -2.52926 -23.8613 -26.3064 0
8 -3.92092 -22.5431 -26.3477 0
9 -4.62042 -21.5557 -25.0833 0
10 -7.40347 -19.994 -23.6967 0
11 -8.0545 -19.0073 -22.4446 0
12 -9.43639 -19.3875 -21.4498 0
13 -9.41305 -19.2151 -19.4258 0
14 -10.0465 -18.9645 -18.0278 0
15 -10.7342 -18.6145 -16.6855 0
16 -11.4092 -18.2742 -14.619 0
17 -12.7332 -18.6607 -12.925 0
18 -13.4262 -18.5852 -11.5397 0
19 -15.4761 -18.445 -9.44972 0
20 -16.1433 -17.9249 -7.37094 0
21 -17.4871 -17.7729 -5.31135 0
22 -17.4534 -18.1334 -4.36446 0
23 -18.8214 -17.7176 -0.912621 0
24 -19.4573 -17.3723 0.430153 0
25 -20.1229 -17.7292 2.48304 0
26 -21.4736 -17.6662 3.8864 0
27 -21.4235 -17.9434 6.201 0
28 -22.8079 -17.6109 8.28513 0
29 -24.1365 -18.1812 9.97971 0
30 -24.8411 -18.3784 10.7093 0
31 -25.5341 -18.3028 12.0946 0
32 -26.177 -18.0466 12.7812 0
33 -26.1176 -18.3294 15.8072 0
34 -26.0864 -17.9773 17.8434 0
35 -26.694 -18.2669 20.1761 0
36 -26.6776 -18.1836 21.5438 0
37 -26.6316 -17.5626 24.2485 0
38 -26.5734 -18.5702 25.9975 0
39 -26.557 -18.4869 27.3652 0
40 -27.1836 -18.1472 29.4194 0
41 -27.1187 -18.1556 32.4025 0
42 -27.0929 -18.0779 34.4817 0
43 -27.0617 -17.7257 36.5179 0
44 -27.0306 -17.3736 38.5541 0
45 -26.2748 -17.655 40.6633 0
46 -26.2248 -17.9322 42.9779 0
47 -26.1866 -17.491 45.6703 0
48 -25.4826 -17.7678 47.7791 0
49 -25.4584 -17.5046 49.159 0
50 -25.4084 -17.7818 51.4736 0
51 -25.4105 -18.0704 53.6128 0
52 -24.6793 -17.7047 54.9199 0
53 -24.633 -17.994 57.0467 0
54 -23.9511 -17.7184 58.4086 0
55 -23.1822 -17.9933 61.4171 0
56 -22.4876 -18.2644 62.8144 0
57 -21.7836 -18.5412 64.9231 0
58 -18.0829 -21.6367 60.4445 0
59 -16.1307 -21.8662 58.4216 0
60 -14.1332 -24.0199 56.6706 0
61 -12.2055 -22.058 56.3445 0
