#!ascii label, vox2ras=scanner
45
1 -7.04301 -43.5631 28.413 0
2 -9.17372 -40.9044 29.6742 0
3 -9.17372 -40.9044 29.6742 0
4 -8.6981 -39.7966 29.8625 0
5 -10.2925 -37.7911 30.7931 0
6 -10.3212 -35.5544 31.1061 0
7 -9.61993 -34.1245 32.3793 0
8 -9.65393 -32.8538 32.0103 0
9 -9.65671 -31.1574 33.258 0
10 -9.68502 -29.8309 32.9932 0
11 -9.72308 -26.897 33.32 0
12 -9.76525 -24.2043 34.2417 0
13 -9.76934 -23.3062 34.6317 0
14 -9.10336 -21.3305 34.2587 0
15 -9.12125 -18.9926 35.4158 0
16 -8.42861 -17.3856 35.7892 0
17 -8.45315 -16.0469 35.7122 0
18 -8.49658 -14.079 35.3568 0
19 -8.54034 -11.2009 35.5792 0
20 -7.87435 -9.22513 35.2062 0
21 -7.91779 -7.25721 34.8509 0
22 -7.94643 -5.02053 35.1639 0
23 -7.33215 -3.04009 34.7905 0
24 -7.37559 -1.07217 34.4351 0
25 -7.41901 0.895744 34.0797 0
26 -7.47186 2.86931 33.0128 0
27 -7.51284 4.05101 31.9875 0
28 -7.55627 6.01892 31.6321 0
29 -7.60911 7.99249 30.5652 0
30 -7.65253 9.96039 30.2098 0
31 -7.71235 11.8449 28.4867 0
32 -7.76519 13.8185 27.4198 0
33 -7.81399 14.8204 26.3823 0
34 -7.8644 16.6993 25.3707 0
35 -7.90781 17.9757 24.2901 0
36 -7.96762 19.8602 22.567 0
37 -8.00534 21.1924 21.5908 0
38 -8.72128 22.879 20.585 0
39 -8.75523 24.2233 19.7965 0
40 -8.81509 26.0343 18.4928 0
41 -8.97454 26.0814 17.505 0
42 -9.02183 27.9558 16.4052 0
43 -9.07276 29.9722 15.2225 0
44 -8.2471 30.5794 11.7723 0
45 -8.27531 30.5964 9.63787 0
