104.957 79.8928 73.9456
105.072 80.8704 72.7417
104.146 82.7721 70.5475
104.161 82.7805 69.4803
104.197 84.7885 69.3648
106.424 85.1379 67.1179
106.476 87.1115 66.051
107.175 88.2806 65.0438
107.922 89.6049 64.0851
107.997 91.2207 61.6935
108.696 92.3899 60.6863
109.452 93.7198 59.0161
109.493 94.9015 57.9908
109.532 95.9713 57.2454
110.943 96.2363 55.167
110.987 97.4794 53.5346
111.755 98.4791 51.8031
112.463 100.345 50.8096
112.516 102.319 49.7427
112.576 104.204 48.0196
112.617 105.385 46.9943
112.645 106.712 46.7295
112.018 109.066 44.886
111.411 110.957 43.8563
111.439 112.284 43.5915
110.783 114.265 42.5071
110.832 116.177 42.0474
110.253 119.395 40.7529
110.991 120.714 40.5057
111.738 121.884 39.5108
113.103 122.817 40.0408
113.798 122.168 40.149
115.985 125.655 40.6307
119.642 125.292 43.13
121.77 125.269 43.1827
