94.7705 102.251 44.2529
94.8149 101.445 42.2475
93.2662 101.621 41.0988
91.9009 100.093 43.4913
92.5405 100.345 44.1906
91.8441 101.81 44.7155
92.5293 102.139 45.6936
93.9209 103.457 45.6523
94.6204 104.444 46.9167
97.4035 106.006 48.3033
98.0545 106.993 49.5554
99.4364 106.613 50.5502
99.413 106.785 52.5742
100.047 107.036 53.9722
100.734 107.385 55.3145
101.409 107.726 57.381
102.733 107.339 59.075
103.426 107.415 60.4603
105.476 107.555 62.5503
106.143 108.075 64.6291
107.487 108.227 66.6887
107.453 107.867 67.6355
108.821 108.282 71.0874
109.457 108.628 72.4302
110.123 108.271 74.483
111.474 108.334 75.8864
111.424 108.057 78.201
112.808 108.389 80.2851
114.136 107.819 81.9797
114.841 107.622 82.7093
115.534 107.697 84.0946
116.177 107.953 84.7812
116.118 107.671 87.8072
116.086 108.023 89.8434
116.694 107.733 92.1761
116.678 107.816 93.5438
116.632 108.437 96.2485
116.573 107.43 97.9975
116.557 107.513 99.3652
117.184 107.853 101.419
117.119 107.844 104.402
117.093 107.922 106.482
117.062 108.274 108.518
117.031 108.626 110.554
116.275 108.345 112.663
116.225 108.068 114.978
116.187 108.509 117.67
115.483 108.232 119.779
115.458 108.495 121.159
115.408 108.218 123.474
115.41 107.93 125.613
114.679 108.295 126.92
114.633 108.006 129.047
113.951 108.282 130.409
113.182 108.007 133.417
112.488 107.736 134.814
111.784 107.459 136.923
108.083 104.363 132.445
106.131 104.134 130.422
104.133 101.98 128.671
102.205 103.942 128.344
