130.368 133.524 45.692
130.34 131.432 45.651
128.743 131.705 44.3637
131.007 130.242 45.677
130.318 129.005 46.3921
130.289 127.679 46.6569
130.237 125.705 47.7237
130.877 123.189 49.0314
130.824 121.216 50.0982
130.768 119.392 51.2142
130.739 118.066 51.4789
131.378 115.439 52.6668
131.327 113.56 53.6785
131.274 111.587 54.7453
131.231 109.619 55.1007
130.523 107.752 56.0943
130.48 107.386 57.7527
130.421 104.777 58.1987
130.359 102.106 59.2519
130.318 100.924 60.2772
130.275 98.9564 60.6326
130.203 96.3536 61.9779
130.152 94.4747 62.9895
130.109 92.5068 63.3449
130.066 91.2304 64.4255
130.022 89.2625 64.7809
129.962 87.378 66.504
129.209 85.4179 66.8418
129.824 83.4374 67.2153
129.074 81.4814 67.5403
127.654 79.5282 68.5715
127.611 77.5603 68.9269
126.152 75.612 69.2344
125.475 74.0851 68.9169
123.349 72.1437 69.9178
123.305 70.1758 70.2732
122.552 68.2157 70.611
120.436 66.28 70.9004
120.417 64.7405 70.601
119.725 63.4088 71.3713
118.266 61.4605 71.6788
116.858 60.2992 72.6685
116.835 58.6983 72.9762
114.718 56.7626 73.2656
114.684 55.4919 73.6347
112.582 53.2874 73.2556
112.558 51.9487 73.3326
111.147 50.0012 73.6523
109.716 49.3795 73.695
108.32 47.1793 73.5213
109.742 44.8653 73.7407
109.691 42.9592 74.2943
107.503 41.6701 75.0904
