#!ascii label, vox2ras=scanner
53
1 -40.3679 7.52402 -26.308 0
2 -40.3396 5.43243 -26.349 0
3 -38.7432 5.70453 -27.6363 0
4 -41.007 4.24222 -26.323 0
5 -40.3177 3.00513 -25.6079 0
6 -40.2894 1.67864 -25.3431 0
7 -40.2366 -0.294914 -24.2763 0
8 -40.8767 -2.81094 -22.9686 0
9 -40.8239 -4.78449 -21.9018 0
10 -40.7678 -6.60764 -20.7858 0
11 -40.7395 -7.93412 -20.5211 0
12 -41.3777 -10.5609 -19.3332 0
13 -41.3273 -12.4398 -18.3215 0
14 -41.2744 -14.4134 -17.2547 0
15 -41.231 -16.3813 -16.8993 0
16 -40.5229 -18.2477 -15.9057 0
17 -40.4798 -18.6138 -14.2473 0
18 -40.4212 -21.2232 -13.8013 0
19 -40.359 -23.8939 -12.7481 0
20 -40.318 -25.0756 -11.7228 0
21 -40.2746 -27.0436 -11.3674 0
22 -40.2028 -29.6464 -10.0221 0
23 -40.1524 -31.5253 -9.01048 0
24 -40.109 -33.4932 -8.65509 0
25 -40.0656 -34.7696 -7.57455 0
26 -40.0222 -36.7375 -7.21915 0
27 -39.9623 -38.622 -5.49603 0
28 -39.2095 -40.5821 -5.1582 0
29 -39.8238 -42.5626 -4.78474 0
30 -39.0742 -44.5186 -4.45972 0
31 -37.6542 -46.4718 -3.42847 0
32 -37.6108 -48.4397 -3.07309 0
33 -36.1518 -50.388 -2.76564 0
34 -35.4749 -51.9149 -3.08311 0
35 -33.3488 -53.8563 -2.08224 0
36 -33.3053 -55.8242 -1.72684 0
37 -32.5525 -57.7843 -1.38902 0
38 -30.4358 -59.72 -1.09964 0
39 -30.4166 -61.2595 -1.39904 0
40 -29.7249 -62.5912 -0.628654 0
41 -28.2659 -64.5395 -0.321198 0
42 -26.8578 -65.7008 0.668457 0
43 -26.8349 -67.3017 0.976234 0
44 -24.7182 -69.2374 1.26562 0
45 -24.6842 -70.5081 1.63468 0
46 -22.5823 -72.7126 1.25561 0
47 -22.5577 -74.0513 1.33257 0
48 -21.1472 -75.9988 1.65234 0
49 -19.7165 -76.6205 1.69503 0
50 -18.3202 -78.8207 1.5213 0
51 -19.7422 -81.1347 1.74072 0
52 -19.6912 -83.0408 2.29431 0
53 -17.5033 -84.3299 3.09037 0
