132.45 123.507 93.9737
133.64 124.746 94.5276
133.605 125.649 94.1939
134.329 125.591 93.3957
132.917 125.46 93.2986
132.177 124.201 93.6373
131.402 122.381 95.4472
129.995 121.129 96.4793
129.242 119.86 97.5423
127.783 117.912 97.8497
127.023 116.732 99.5689
126.279 114.502 99.937
125.526 112.542 100.275
124.121 111.384 101.252
123.384 110.066 101.499
123.325 107.456 101.945
123.296 105.22 101.632
122.556 103.269 101.245
121.811 101.129 101.571
121.095 98.5326 101.999
121.067 97.2061 102.264
121.051 94.9629 101.051
121.041 93.3555 100.46
121.007 91.3932 100.104
121.696 89.0435 98.977
121.717 87.9942 96.9272
121.715 86.2978 95.6795
122.452 85.9338 93.6737
122.464 84.9524 91.9159
123.892 83.8777 90.6255
124.588 83.424 87.9511
126.037 83.1469 85.9076
126.066 82.7001 83.9267
127.513 82.3282 81.9385
128.202 81.9636 79.9204
128.931 81.8602 78.3824
131.036 81.4759 76.4123
131.067 81.1237 74.3761
133.171 80.7394 72.4059
133.86 80.3747 70.3878
135.307 80.0029 68.3996
137.423 80.3368 66.8072
137.424 79.612 65.5301
139.524 80.1201 64.6615
139.544 80.9348 63.6838
140.019 76.5622 62.9165
