#!ascii label, vox2ras=scanner
46
1 -42.4498 -2.49323 21.9737 0
2 -43.6399 -1.25394 22.5276 0
3 -43.6049 -0.350945 22.1939 0
4 -44.3294 -0.408897 21.3957 0
5 -42.9171 -0.539635 21.2986 0
6 -42.177 -1.79853 21.6373 0
7 -41.402 -3.61948 23.4472 0
8 -39.9948 -4.87148 24.4793 0
9 -39.2419 -6.14001 25.5423 0
10 -37.7829 -8.08826 25.8497 0
11 -37.0231 -9.26776 27.5689 0
12 -36.2789 -11.4983 27.937 0
13 -35.5261 -13.4583 28.2748 0
14 -34.1213 -14.6157 29.2516 0
15 -33.3835 -15.9343 29.4988 0
16 -33.325 -18.5437 29.9449 0
17 -33.2963 -20.7804 29.6318 0
18 -32.5562 -22.7308 29.2453 0
19 -31.8111 -24.8706 29.5709 0
20 -31.0949 -27.4674 29.9989 0
21 -31.0666 -28.7939 30.2637 0
22 -31.0511 -31.0371 29.0513 0
23 -31.0414 -32.6445 28.4598 0
24 -31.0073 -34.6068 28.1038 0
25 -31.6956 -36.9565 26.977 0
26 -31.7173 -38.0058 24.9272 0
27 -31.7146 -39.7022 23.6795 0
28 -32.4519 -40.0662 21.6737 0
29 -32.4642 -41.0476 19.9159 0
30 -33.8921 -42.1223 18.6255 0
31 -34.588 -42.576 15.9511 0
32 -36.0371 -42.8531 13.9076 0
33 -36.0659 -43.2999 11.9267 0
34 -37.5126 -43.6718 9.93847 0
35 -38.2015 -44.0364 7.92036 0
36 -38.9311 -44.1398 6.38242 0
37 -41.0355 -44.5241 4.41225 0
38 -41.0667 -44.8763 2.37606 0
39 -43.1712 -45.2606 0.405891 0
40 -43.86 -45.6253 -1.61221 0
41 -45.3068 -45.9971 -3.60045 0
42 -47.4232 -45.6632 -5.19281 0
43 -47.4244 -46.388 -6.46989 0
44 -49.5236 -45.8799 -7.33854 0
45 -49.544 -45.0652 -8.31622 0
46 -50.0185 -49.4378 -9.08349 0
