146.83 130.922 86.627
144.645 128.838 88.6677
141.216 126.247 92.3956
140.491 125.475 92.6074
139.788 125.41 92.1086
138.357 124.65 92.29
136.897 123.427 93.8745
135.511 122.898 94.573
134.069 122.378 95.4597
132.594 120.513 97.1349
130.461 118.661 98.792
130.446 118.019 98.8826
128.977 116.065 99.9016
126.87 114.827 100.205
126.13 113.494 100.963
123.99 113.872 102.021
122.608 113.25 102.076
122.565 111.283 102.432
123.936 108.385 102.257
123.25 107.071 102.504
123.913 105.091 102.89
124.569 101.508 102.671
124.584 100.238 103.052
124.546 97.304 102.726
124.502 95.3361 103.081
125.217 93.3611 103.466
125.173 90.4829 103.244
125.836 88.5032 103.63
126.53 87.1624 103.013
127.832 85.5421 102.645
129.193 84.7476 102.199
129.88 83.4149 101.782
130.539 82.4486 101.306
132.618 82.4342 100.848
133.263 81.7366 101.041
134.305 83.9021 102.909
135.375 83.7509 101.97
136.356 83.7503 102.279
141.957 96.993 98.201
