#!ascii label, vox2ras=scanner
39
1 -56.8297 4.92249 14.627 0
2 -54.6449 2.83752 16.6677 0
3 -51.2162 0.246918 20.3956 0
4 -50.4911 -0.52494 20.6074 0
5 -49.7882 -0.589989 20.1086 0
6 -48.357 -1.35003 20.29 0
7 -46.8967 -2.57346 21.8745 0
8 -45.5108 -3.10151 22.573 0
9 -44.0694 -3.62211 23.4597 0
10 -42.5939 -5.48698 25.1349 0
11 -40.4609 -7.33932 26.792 0
12 -40.4458 -7.98075 26.8826 0
13 -38.9773 -9.93464 27.9016 0
14 -36.8701 -11.1732 28.2046 0
15 -36.13 -12.5056 28.9627 0
16 -33.9902 -12.1285 30.0213 0
17 -32.608 -12.7495 30.0763 0
18 -32.5646 -14.7174 30.4317 0
19 -33.9364 -17.6152 30.2572 0
20 -33.2504 -18.9292 30.5039 0
21 -33.9131 -20.9089 30.8896 0
22 -34.5693 -24.4921 30.6711 0
23 -34.5838 -25.7621 31.0525 0
24 -34.5457 -28.696 30.7257 0
25 -34.5023 -30.6639 31.0811 0
26 -35.2167 -32.6389 31.4664 0
27 -35.173 -35.5171 31.244 0
28 -35.8357 -37.4968 31.6298 0
29 -36.5299 -38.8376 31.0128 0
30 -37.8318 -40.4579 30.6452 0
31 -39.1927 -41.2524 30.1988 0
32 -39.88 -42.5851 29.7824 0
33 -40.5393 -43.5514 29.3061 0
34 -42.6182 -43.5658 28.8485 0
35 -43.2627 -44.2634 29.0406 0
36 -44.3053 -42.0979 30.9086 0
37 -45.375 -42.2491 29.9698 0
38 -46.3559 -42.2497 30.2786 0
39 -51.9569 -29.007 26.201 0
