#!ascii label, vox2ras=scanner
45
1 -33.2092 14.8843 -34.4112 0
2 -33.1526 12.9964 -33.5759 0
3 -34.5546 14.6886 -32.9138 0
4 -34.5036 12.7825 -32.3602 0
5 -35.5118 10.8586 -31.7611 0
6 -34.2465 8.79764 -28.612 0
7 -34.8998 6.96666 -27.4785 0
8 -35.5342 4.35197 -26.1028 0
9 -36.2121 3.09453 -25.352 0
10 -36.1498 0.497322 -24.7182 0
11 -36.8183 -0.692223 -23.6754 0
12 -36.7748 -2.66013 -23.32 0
13 -37.4495 -3.23003 -21.8312 0
14 -38.0937 -4.84799 -20.1336 0
15 -38.0408 -6.82156 -19.0667 0
16 -36.6085 -7.71976 -16.6971 0
17 -36.5868 -7.36197 -15.3724 0
18 -35.8696 -6.40195 -14.1969 0
19 -34.4536 -4.60901 -12.5287 0
20 -33.7634 -2.37012 -11.5217 0
21 -32.4114 -1.01676 -10.9228 0
22 -31.7245 0.534554 -10.6538 0
23 -31.749 1.87318 -10.7308 0
24 -29.695 4.13643 -9.77225 0
25 -28.9978 5.77278 -8.83418 0
26 -27.6626 8.03383 -8.56955 0
27 -27.006 10.7068 -8.92885 0
28 -26.3191 12.2581 -8.65982 0
29 -24.9859 14.3143 -8.75877 0
30 -25.0051 15.8538 -8.45937 0
31 -22.9777 18.6401 -8.21087 0
32 -23.0158 20.8824 -8.60929 0
33 -22.3099 21.8045 -8.06183 0
34 -20.9806 23.8485 -8.34856 0
35 -19.4652 27.2316 -7.19839 0
36 -19.4996 30.6703 -6.57233 0
37 -19.5138 31.7161 -6.55183 0
38 -18.4324 33.1743 -4.50698 0
39 -18.4749 35.164 -4.90412 0
40 -19.632 37.6827 -6.69524 0
41 -19.632 38.7201 -5.60751 0
42 -19.6794 40.7158 -6.02386 0
43 -19.7299 42.2939 -6.35647 0
44 -19.7521 41.8907 -7.35916 0
45 -15.9923 40.478 -10.9063 0
