123.209 140.884 37.5888
123.153 138.996 38.4241
124.555 140.689 39.0862
124.504 138.782 39.6398
125.512 136.859 40.2389
124.246 134.798 43.388
124.9 132.967 44.5215
125.534 130.352 45.8972
126.212 129.095 46.648
126.15 126.497 47.2818
126.818 125.308 48.3246
126.775 123.34 48.68
127.449 122.77 50.1688
128.094 121.152 51.8664
128.041 119.178 52.9333
126.609 118.28 55.3029
126.587 118.638 56.6276
125.87 119.598 57.8031
124.454 121.391 59.4713
123.763 123.63 60.4783
122.411 124.983 61.0772
121.724 126.535 61.3462
121.749 127.873 61.2692
119.695 130.136 62.2278
118.998 131.773 63.1658
117.663 134.034 63.4304
117.006 136.707 63.0712
116.319 138.258 63.3402
114.986 140.314 63.2412
115.005 141.854 63.5406
112.978 144.64 63.7891
113.016 146.882 63.3907
112.31 147.804 63.9382
110.981 149.849 63.6514
109.465 153.232 64.8016
109.5 156.67 65.4277
109.514 157.716 65.4482
108.432 159.174 67.493
108.475 161.164 67.0959
109.632 163.683 65.3048
109.632 164.72 66.3925
109.679 166.716 65.9761
109.73 168.294 65.6435
109.752 167.891 64.6408
105.992 166.478 61.0937
