65.8354 170.517 79.8097
65.8249 170.651 80.7941
66.8256 170.64 79.754
67.8158 170.764 79.6982
69.7727 174.023 80.1461
70.4206 172.476 79.1533
71.0618 171.929 79.3946
70.3462 171.317 78.9312
69.0361 170.45 77.7935
67.6665 169.757 76.6686
66.9193 168.433 77.6272
66.2276 167.175 77.9782
65.4896 165.638 78.3727
65.4556 164.293 79.1612
65.3933 161.696 79.795
64.6343 159.735 80.8315
65.2769 159.081 80.9402
65.2672 157.473 80.3487
65.2143 154.808 80.6905
65.8696 152.933 81.9074
65.8352 150.753 81.6987
66.4684 149.401 81.7937
66.4401 148.075 82.0585
66.368 144.562 82.826
67.7106 143.203 82.9386
67.6823 141.876 83.2033
67.6237 139.267 83.6494
67.5881 137.119 83.9925
69.618 135.119 84.4139
69.5897 133.793 84.6787
69.561 131.556 84.3656
71.5757 128.915 84.8777
71.5663 128.217 84.864
71.5229 126.249 85.2194
72.8619 123.976 84.767
73.543 122.642 85.0493
74.2189 121.347 85.261
74.848 119.098 84.966
75.5344 116.798 84.5662
76.9049 115.774 83.3805
76.8874 114.346 82.8013
77.5385 112.65 81.7594
79.218 113.154 80.5103
80.2146 111.636 78.6863
81.2362 111.589 77.4629
81.2362 111.589 77.4629
81.1918 112.396 79.4683
