86.4865 101.862 37.037
86.0513 101.873 37.4709
85.0976 102.429 37.4423
84.3533 102.882 40.1043
82.9702 103.896 42.0142
82.2357 103.273 42.9738
82.1975 103.714 45.6662
80.0594 103.738 48.5832
80.0582 104.463 49.8603
78.6599 104.836 51.8609
77.9225 105.2 53.8667
76.5053 104.943 56.1456
75.7774 106.004 58.1651
75.0804 105.638 59.6176
73.667 105.369 61.7088
72.2679 104.848 63.3065
71.5273 105.208 65.3251
70.7899 105.572 67.3309
69.3986 105.855 68.6752
69.3416 105.667 71.6461
67.9465 106.044 73.6338
66.4903 105.792 75.189
65.8068 105.882 77.2501
65.0757 106.939 79.2824
63.6752 107.59 81.2271
63.6589 107.674 82.5948
62.2323 107.411 85.5853
61.5043 107.781 86.8796
61.4568 108.216 90.2835
60.0429 107.963 92.5497
60.0265 108.047 93.9174
59.9993 109.371 95.9242
59.2431 109.105 98.2084
59.2198 109.278 100.232
59.8557 109.623 101.575
60.5266 109.757 103.977
61.1959 109.461 105.423
61.8089 108.897 107.798
62.4744 109.305 110.157
63.1674 109.381 111.542
63.8034 109.726 112.885
65.8213 110.309 116.367
65.8143 110.398 117.023
66.4585 109.472 119.446
67.7945 109.804 121.518
68.4062 110.412 124.241
69.0811 110.752 126.307
69.05 111.104 128.343
70.3859 111.436 130.415
69.7191 112.353 131.686
69.717 113.169 132.32
69.7293 112.714 133.334
69.0601 113.537 134.66
69.7232 113.159 136.349
69.0852 113.629 135.639
67.9293 113.679 132.791
72.9012 109.73 144.199
74.9063 105.919 145.96
