72.8778 75.0422 97.0671
72.9127 78.1373 98.8672
73.991 79.1714 98.9141
75.0144 81.1605 98.8257
75.2878 84.5675 101.357
76.0091 85.8887 102.022
77.4463 88.1947 103.039
77.4639 89.6223 103.619
78.1408 91.8408 104.661
78.1773 93.8978 104.962
78.8965 95.4973 105.571
78.9235 96.8571 105.858
78.9521 99.7853 106.897
78.9792 101.145 107.184
79.6561 103.437 107.807
80.413 106.295 107.859
80.4211 107.026 108.425
80.4687 110.583 109.185
80.4838 111.225 109.094
80.5272 113.193 108.739
81.2993 116.692 108.7
81.3238 118.031 108.623
81.3931 120.539 107.333
81.4366 122.507 106.978
81.48 124.475 106.622
81.5234 126.443 106.267
81.5832 128.327 104.544
81.6488 130.848 103.442
81.7054 132.809 102.187
81.7639 135.418 101.741
81.8237 137.303 100.018
81.1672 139.284 98.9333
81.22 141.258 97.8665
81.2758 142.171 96.1727
81.3192 144.139 95.8173
81.3884 146.029 93.3827
81.4224 147.3 93.0136
80.4024 148.315 92.4564
78.8385 146.266 91.6307
78.8949 148.374 89.5373
81.0232 148.351 89.59
