#!ascii label, vox2ras=scanner
41
1 17.1222 -50.9578 25.0671 0
2 17.0873 -47.8627 26.8672 0
3 16.009 -46.8286 26.9141 0
4 14.9856 -44.8395 26.8257 0
5 14.7122 -41.4325 29.3573 0
6 13.9909 -40.1113 30.0222 0
7 12.5537 -37.8053 31.0395 0
8 12.5361 -36.3777 31.6187 0
9 11.8592 -34.1592 32.6613 0
10 11.8227 -32.1022 32.9622 0
11 11.1035 -30.5027 33.5712 0
12 11.0765 -29.1429 33.8584 0
13 11.0479 -26.2147 34.8966 0
14 11.0208 -24.8549 35.1838 0
15 10.3439 -22.5629 35.807 0
16 9.58701 -19.7048 35.8592 0
17 9.57886 -18.9743 36.4248 0
18 9.53132 -15.4168 37.1846 0
19 9.5162 -14.7754 37.094 0
20 9.47276 -12.8074 36.7386 0
21 8.70071 -9.30786 36.7002 0
22 8.67616 -7.96925 36.6232 0
23 8.60686 -5.46106 35.3332 0
24 8.56343 -3.49314 34.9778 0
25 8.52 -1.52523 34.6224 0
26 8.47657 0.442688 34.267 0
27 8.41676 2.32722 32.5439 0
28 8.35123 4.84756 31.4416 0
29 8.29462 6.80898 30.1869 0
30 8.23608 9.41832 29.7409 0
31 8.17626 11.3029 28.0178 0
32 8.83285 13.2843 26.9333 0
33 8.78001 15.2578 25.8665 0
34 8.72423 16.1708 24.1727 0
35 8.68079 18.1387 23.8173 0
36 8.61158 20.0289 21.3827 0
37 8.57757 21.2996 21.0136 0
38 9.59757 22.3152 20.4564 0
39 11.1615 20.2656 19.6307 0
40 11.1051 22.3741 17.5373 0
41 8.97679 22.3506 17.59 0
