elmo.2005 elmo.2008 elmo.2012 
0.000600459 NaN NaN 
0.00056806 NaN NaN 
0.000501714 NaN NaN 
0.000621319 NaN NaN 
0.000532084 NaN NaN 
0.000430983 0.000605019 NaN 
0.000428069 0.000454508 0.000599549 
0.000560256 0.000473091 0.000413088 
0.000385294 0.000768509 0.000477909 
0.000788679 0.000797796 0.000543132 
0.000810014 0.000251336 0.000414724 
0.000803559 8.21796e-05 0.000671295 
0.000738684 0.000361943 0.000412267 
0.000571364 0.000352998 0.000499199 
0.000695993 0.000268851 0.000564903 
0.000858444 0.000200877 0.000416482 
0.000625784 0.000182902 0.000391163 
0.000340714 0.000352132 0.000297386 
0.000179237 0.000453684 0.000457924 
0.000444766 0.000576428 0.000377844 
0.000553143 0.000571276 0.000368436 
0.000607146 0.000572832 0.000502014 
0.000669605 0.0004287 0.000627117 
0.00061002 0.000325448 0.000628065 
0.00058917 0.000504254 0.000572793 
0.00062753 0.000595962 0.000410964 
0.000501203 0.000520643 0.000241866 
0.000450201 0.000467535 3.58396e-05 
0.000323863 0.000493803 0.00039574 
0.000390354 0.000440099 0.000582267 
0.000649183 0.000346716 4.05144e-05 
0.000862709 0.000575039 0.000748894 
NaN 0.000557693 0.000834515 
NaN 0.000727748 NaN 
NaN 0.000637238 NaN 
NaN 0.000605142 NaN 
NaN 0.000826595 NaN 
