#!ascii label, vox2ras=scanner
58
1 3.51346 -24.1382 -34.963 0
2 3.94873 -24.1268 -34.5291 0
3 4.90236 -23.5705 -34.5577 0
4 5.64667 -23.1175 -31.8957 0
5 7.02985 -22.1036 -29.9858 0
6 7.76429 -22.7267 -29.0262 0
7 7.80245 -22.2855 -26.3338 0
8 9.94057 -22.2617 -23.4168 0
9 9.94184 -21.5369 -22.1397 0
10 11.3401 -21.1644 -20.1391 0
11 12.0775 -20.8004 -18.1333 0
12 13.4947 -21.0572 -15.8544 0
13 14.2226 -19.996 -13.8349 0
14 14.9196 -20.3618 -12.3824 0
15 16.333 -20.6307 -10.2912 0
16 17.7321 -21.1522 -8.69351 0
17 18.4727 -20.7922 -6.6749 0
18 19.2101 -20.4283 -4.66909 0
19 20.6014 -20.1448 -3.32478 0
20 20.6584 -20.3329 -0.353935 0
21 22.0535 -19.9564 1.6338 0
22 23.5097 -20.2082 3.18897 0
23 24.1932 -20.118 5.25011 0
24 24.9243 -19.0608 7.28239 0
25 26.3248 -18.4099 9.2271 0
26 26.3411 -18.3265 10.5948 0
27 27.7677 -18.5889 13.5853 0
28 28.4957 -18.2193 14.8796 0
29 28.5432 -17.7838 18.2835 0
30 29.9571 -18.0365 20.5497 0
31 29.9735 -17.9532 21.9174 0
32 30.0007 -16.6294 23.9242 0
33 30.7569 -16.8947 26.2084 0
34 30.7802 -16.7223 28.2324 0
35 30.1443 -16.3771 29.5752 0
36 29.4734 -16.2433 31.9768 0
37 28.8041 -16.5388 33.4225 0
38 28.1911 -17.1028 35.7982 0
39 27.5256 -16.6946 38.1569 0
40 26.8326 -16.6191 39.5422 0
41 26.1966 -16.2738 40.8849 0
42 24.1787 -15.6908 44.3671 0
43 24.1857 -15.6017 45.0233 0
44 23.5415 -16.5282 47.4461 0
45 22.2055 -16.1964 49.5179 0
46 21.5938 -15.588 52.2407 0
47 20.9189 -15.2477 54.3072 0
48 20.95 -14.8955 56.3434 0
49 19.6141 -14.5638 58.4152 0
50 20.2809 -13.6467 59.6864 0
51 20.283 -12.8311 60.3195 0
52 20.2707 -13.2856 61.3339 0
53 20.9399 -12.4632 62.6604 0
54 20.2768 -12.8412 64.3492 0
55 20.9148 -12.3709 63.6395 0
56 22.0707 -12.3209 60.7907 0
57 17.0988 -16.2696 72.1988 0
58 15.0937 -20.0808 73.9605 0
