elmo.2005 elmo.2008 elmo.2012 
NaN 0.000731374 0.000576001 
NaN 0.000647349 0.000599997 
NaN 0.000697022 0.000686284 
NaN 0.000572827 0.000774971 
0.000410766 0.000646967 0.00055122 
0.00077201 0.000790785 0.000505722 
0.000520532 0.000707076 0.0006347 
0.000463663 0.000637923 0.000652151 
0.000415638 0.000487206 0.000541617 
0.000453855 0.000348498 0.00062479 
0.000320158 0.000365045 0.000483133 
0.000369443 0.000382083 0.000523282 
0.000297252 0.000306756 0.000570891 
0.000315398 0.000319613 0.000318788 
0.000274424 0.000357762 0.000349874 
0.000242485 0.000292186 0.000314629 
0.000186145 0.000271654 0.00037307 
0.000215437 0.0002933 0.000461489 
0.000271564 0.000297174 0.000415516 
0.000257127 0.000249132 0.000302452 
0.000346937 0.000189659 0.000214215 
0.000334669 0.00019086 0.000296355 
0.000280737 0.000324468 0.000312035 
0.000289599 0.000445884 0.000436135 
0.000275351 0.000369333 0.000450266 
0.000227578 0.000302434 0.00056473 
0.000252633 0.000249815 0.000452838 
0.000378042 0.000215584 0.000707069 
0.000413898 0.000223536 0.000554447 
0.000341858 0.000210218 0.000540417 
0.00049885 0.000307311 0.000286622 
0.000806309 0.000362519 0.000217885 
0.000932709 0.000396163 0.00033748 
0.000413748 0.000384011 0.00031025 
0.000648736 0.000396206 0.000648533 
0.000876407 0.000347723 0.000438881 
0.00100186 0.000382191 0.000548998 
NaN 0.000863727 0.000606476 
NaN NaN 0.000606397 
NaN NaN 0.000665433 
NaN NaN 0.00053407 
