#!ascii label, vox2ras=scanner
37
1 9.63821 -48.1171 15.6517 0
2 9.63821 -48.1171 15.6517 0
3 9.4805 -45.1477 11.9758 0
4 9.4805 -45.1477 11.9758 0
5 11.5423 -43.2243 11.0494 0
6 12.4414 -45.6443 9.79517 0
7 12.9198 -44.9579 6.93542 0
8 13.5649 -45.0166 5.73743 0
9 14.9563 -44.5686 5.03469 0
10 15.6342 -44.0026 3.55877 0
11 16.9752 -42.3672 1.11924 0
12 17.5919 -41.173 0.0758743 0
13 18.2549 -40.795 -1.61288 0
14 18.9328 -39.5375 -2.36365 0
15 20.2274 -37.6965 -4.42728 0
16 20.1865 -36.4413 -5.87198 0
17 20.1308 -35.4548 -7.98513 0
18 21.5086 -34.1765 -8.58992 0
19 22.1253 -32.9088 -10.0527 0
20 22.0916 -32.5482 -10.9996 0
21 22.0318 -30.6637 -12.7227 0
22 23.3211 -29.0236 -15.1627 0
23 23.2777 -27.7472 -16.2432 0
24 23.9273 -25.8548 -17.9839 0
25 23.8596 -24.15 -19.7193 0
26 23.8338 -23.6098 -20.6539 0
27 23.7661 -21.905 -22.3893 0
28 23.7063 -20.0204 -24.1124 0
29 23.671 -18.783 -25.0334 0
30 23.5665 -16.8047 -26.1007 0
31 23.5082 -15.1056 -27.1246 0
32 22.7554 -13.1455 -27.4624 0
33 21.7476 -12.8077 -28.0014 0
34 25.8997 -11.0879 -28.4481 0
35 25.8997 -11.0879 -28.4481 0
36 25.8334 -9.43061 -30.6887 0
37 25.788 -7.50631 -30.9606 0
