80.3618 77.8829 87.6517
80.3618 77.8829 87.6517
80.5195 80.8523 83.9758
80.5195 80.8523 83.9758
78.4577 82.7757 83.0494
77.5586 80.3557 81.7952
77.0802 81.0421 78.9354
76.4351 80.9834 77.7374
75.0437 81.4314 77.0347
74.3658 81.9974 75.5588
73.0248 83.6328 73.1192
72.4081 84.827 72.0759
71.7451 85.205 70.3871
71.0672 86.4625 69.6364
69.7726 88.3035 67.5727
69.8135 89.5587 66.128
69.8692 90.5452 64.0149
68.4914 91.8235 63.4101
67.8747 93.0912 61.9473
67.9084 93.4518 61.0004
67.9682 95.3363 59.2773
66.6789 96.9764 56.8373
66.7223 98.2528 55.7568
66.0727 100.145 54.0161
66.1404 101.85 52.2807
66.1662 102.39 51.3461
66.2339 104.095 49.6107
66.2937 105.98 47.8876
66.329 107.217 46.9666
66.4335 109.195 45.8993
66.4918 110.894 44.8754
67.2446 112.854 44.5376
68.2524 113.192 43.9986
64.1003 114.912 43.5519
64.1003 114.912 43.5519
64.1666 116.569 41.3113
64.212 118.494 41.0394
