#!ascii label, vox2ras=scanner
51
1 43.548 13.4483 -22.3181 0
2 40.3999 7.75949 -26.4973 0
3 41.8311 6.45424 -26.7254 0
4 42.5297 5.21152 -25.2988 0
5 42.5769 3.25575 -24.7556 0
6 43.2642 2.66661 -23.2318 0
7 43.3146 0.787712 -22.2202 0
8 43.3674 -1.18585 -21.1533 0
9 43.4108 -3.15377 -20.7979 0
10 43.4895 -5.66758 -18.7964 0
11 42.8605 -7.91681 -19.0914 0
12 42.9227 -10.5876 -18.0382 0
13 42.9789 -12.4107 -16.9222 0
14 43.026 -14.44 -15.9596 0
15 42.4174 -16.3647 -15.4819 0
16 42.4678 -18.2436 -14.4702 0
17 42.5244 -20.205 -13.2156 0
18 41.8736 -22.8222 -12.752 0
19 41.917 -24.7901 -12.3966 0
20 41.9768 -26.6747 -10.6735 0
21 40.6753 -29.2962 -9.99121 0
22 40.6998 -30.6348 -9.91424 0
23 40.7567 -33.5065 -9.23741 0
24 40.7813 -34.8451 -9.16043 0
25 40.1538 -37.3708 -7.12852 0
26 38.8113 -38.7298 -7.01591 0
27 38.8453 -40.0005 -6.64685 0
28 38.2424 -43.8648 -4.53797 0
29 38.2575 -44.5062 -4.44733 0
30 36.9322 -47.4483 -4.55064 0
31 36.9473 -48.0897 -4.46 0
32 36.294 -50.0751 -3.36275 0
33 36.3444 -51.954 -2.35113 0
34 35.0157 -55.9095 -1.5924 0
35 34.358 -55.9221 -1.57432 0
36 34.4391 -59.2221 -0.242683 0
37 34.4584 -60.7616 -0.542084 0
38 33.0838 -61.963 0.531158 0
39 31.7506 -64.0191 0.630096 0
40 31.8035 -65.9192 1.27758 0
41 31.1563 -68.5978 2.34835 0
42 29.7928 -69.5323 1.81898 0
43 28.454 -70.8792 2.11937 0
44 27.1303 -72.8675 2.51041 0
45 26.4274 -74.5596 1.46803 0
46 25.0738 -76.1752 1.09997 0
47 23.1846 -72.8335 2.12152 0
48 22.2299 -75.0859 2.19049 0
49 22.2073 -74.1237 2.05453 0
50 20.1602 -75.3336 1.10313 0
51 18.8192 -86.2325 4.57497 0
