46.452 139.448 49.6819
49.6001 133.759 45.5027
48.1689 132.454 45.2746
47.4703 131.212 46.7012
47.4231 129.256 47.2444
46.7358 128.667 48.7682
46.6854 126.788 49.7798
46.6326 124.814 50.8467
46.5892 122.846 51.2021
46.5105 120.332 53.2036
47.1395 118.083 52.9086
47.0773 115.412 53.9618
47.0211 113.589 55.0778
46.974 111.56 56.0404
47.5826 109.635 56.5181
47.5322 107.756 57.5298
47.4756 105.795 58.7844
48.1264 103.178 59.248
48.083 101.21 59.6034
48.0232 99.3253 61.3265
49.3247 96.7038 62.0088
49.3002 95.3652 62.0858
49.2433 92.4935 62.7626
49.2187 91.1549 62.8396
49.8462 88.6292 64.8715
51.1887 87.2702 64.9841
51.1547 85.9995 65.3531
51.7576 82.1352 67.462
51.7425 81.4938 67.5527
53.0678 78.5517 67.4494
53.0527 77.9103 67.54
53.706 75.9249 68.6372
53.6556 74.046 69.6489
54.9843 70.0905 70.4076
55.642 70.0779 70.4257
55.5609 66.7779 71.7573
55.5416 65.2384 71.4579
56.9162 64.037 72.5312
58.2494 61.9808 72.6301
58.1965 60.0808 73.2776
58.8437 57.4022 74.3484
60.2072 56.4677 73.819
61.546 55.1208 74.1194
62.8697 53.1325 74.5104
63.5726 51.4404 73.468
64.9262 49.8248 73.1
66.8154 53.1665 74.1215
67.7701 50.9141 74.1905
67.7927 51.8763 74.0545
69.8398 50.6664 73.1031
71.1808 39.7676 76.575
