41.6603 122.214 108.195
49.4222 124.721 98.3248
51.3894 127.3 99.0156
52.7619 126.924 98.6387
52.0431 126.926 99.3326
53.3372 126.177 99.7024
53.9883 125.172 99.3856
54.6662 124.525 100.406
55.2932 123.092 100.744
55.2645 120.855 100.431
56.5698 118.221 100.925
57.2358 116.245 101.298
57.2355 114.644 99.9954
57.192 112.676 100.351
57.1486 110.708 100.706
57.79 107.467 100.737
57.7466 105.499 101.092
57.7125 103.537 100.736
57.6691 101.569 101.091
58.296 99.5981 100.741
58.262 98.3274 101.11
58.2334 96.0907 100.797
56.8355 94.1527 100.392
56.8069 91.9161 100.079
56.782 88.9757 98.853
56.755 87.6159 98.5658
56.0461 85.9314 97.2877
55.3514 84.9789 95.8765
54.7061 83.9364 94.5201
54.016 82.9547 92.5442
52.6612 81.9201 91.1702
51.9735 80.8786 89.1028
50.6314 80.5452 87.7296
49.9532 80.2008 85.6759
49.9655 79.1459 84.3375
48.6226 78.9031 82.9219
47.2288 78.565 81.5493
45.8929 78.2332 79.4775
45.2146 77.8889 77.4237
43.1701 76.7828 74.6516
43.1849 76.514 73.9832
41.1593 76.7287 71.6578
40.4372 76.1898 71.6756
39.7412 77.1013 71.3366
39.0101 77.5478 73.0994
43.033 74.7678 76.8258
44.9643 75.2643 80.8174
44.9643 75.2643 80.8174
44.898 73.607 83.0581
