#!ascii label, vox2ras=scanner
43
1 51.54 2.44476 27.2047 0
2 49.7427 -0.966141 31.7188 0
3 48.6976 -2.02968 31.7438 0
4 46.5601 -2.05072 30.7485 0
5 45.5021 -3.40956 30.1898 0
6 45.6728 -5.41492 28.361 0
7 44.3152 -6.05893 27.9636 0
8 42.9513 -6.08329 28.012 0
9 40.878 -6.1155 28.0781 0
10 39.5462 -7.37333 29.0347 0
11 37.4635 -7.39989 28.3892 0
12 35.4337 -9.40002 28.8106 0
13 34.7895 -11.0078 28.425 0
14 34.1563 -12.3589 28.52 0
15 32.8208 -13.7098 28.8332 0
16 33.5806 -15.5808 29.8273 0
17 32.9031 -17.8294 29.5446 0
18 32.2277 -19.1079 29.9312 0
19 31.5429 -20.3809 29.6064 0
20 31.5715 -22.6175 29.2933 0
21 32.2878 -25.2144 29.7213 0
22 32.3013 -26.8096 29.3176 0
23 33.0283 -28.2294 28.7207 0
24 33.0758 -31.0954 28.6861 0
25 33.758 -32.4215 28.745 0
26 34.5076 -34.3776 29.07 0
27 35.2169 -37.0634 28.8417 0
28 35.9209 -38.0215 28.1421 0
29 35.9644 -39.9894 28.4974 0
30 36.6992 -42.2143 28.154 0
31 38.1027 -44.17 28.2732 0
32 39.5129 -45.1163 27.5431 0
33 40.9016 -47.3408 26.9938 0
34 40.911 -48.0379 26.9801 0
35 40.9397 -50.2746 26.6671 0
36 41.6292 -52.4219 26.8044 0
37 42.3521 -54.0093 26.3831 0
38 41.6813 -55.2586 27.3345 0
39 42.3554 -55.8543 27.959 0
40 47.5041 -54.3896 39.3816 0
41 47.525 -54.1226 41.3503 0
42 49.5191 -53.8179 43.2649 0
43 49.54 -53.5509 45.2336 0
