38.46 128.445 99.2047
40.2573 125.034 103.719
41.3024 123.97 103.744
43.4399 123.949 102.749
44.4979 122.59 102.19
44.3272 120.585 100.361
45.6848 119.941 99.9636
47.0487 119.917 100.012
49.122 119.884 100.078
50.4538 118.627 101.035
52.5365 118.6 100.389
54.5663 116.6 100.811
55.2105 114.992 100.425
55.8437 113.641 100.52
57.1792 112.29 100.833
56.4194 110.419 101.827
57.0969 108.171 101.545
57.7723 106.892 101.931
58.4571 105.619 101.606
58.4285 103.382 101.293
57.7122 100.786 101.721
57.6987 99.1904 101.318
56.9717 97.7706 100.721
56.9242 94.9046 100.686
56.242 93.5785 100.745
55.4924 91.6224 101.07
54.7831 88.9366 100.842
54.0791 87.9785 100.142
54.0356 86.0106 100.497
53.3008 83.7857 100.154
51.8973 81.83 100.273
50.4871 80.8837 99.5431
49.0984 78.6592 98.9938
49.089 77.9621 98.9801
49.0603 75.7254 98.6671
48.3708 73.5781 98.8044
47.6479 71.9907 98.3831
48.3187 70.7414 99.3345
47.6446 70.1457 99.959
42.4959 71.6104 111.382
42.475 71.8774 113.35
40.4809 72.1821 115.265
40.46 72.4491 117.234
