#!ascii label, vox2ras=scanner
51
1 43.1551 12.8762 -28.2615 0
2 43.2004 10.9519 -27.9896 0
3 43.2458 9.0276 -27.7177 0
4 41.3181 7.0657 -27.3915 0
5 41.3634 5.1414 -27.1196 0
6 41.4088 3.2171 -26.8477 0
7 42.1133 5.81384 -26.5377 0
8 38.9838 6.04944 -28.9122 0
9 37.663 5.04823 -27.4749 0
10 37.697 3.08595 -27.831 0
11 37.0569 0.569923 -26.5234 0
12 37.0906 0.209412 -25.5765 0
13 35.7574 -1.15524 -24.7524 0
14 35.7927 -1.70115 -23.1063 0
15 35.1243 -2.89071 -22.0634 0
16 35.1554 -2.53855 -20.0272 0
17 34.533 -3.09701 -18.363 0
18 34.5831 -3.37415 -16.0484 0
19 33.932 -1.69589 -14.0711 0
20 33.9468 -1.42712 -13.4026 0
21 31.8637 0.0745239 -12.3258 0
22 31.8556 1.49651 -11.035 0
23 31.8552 2.40672 -10.4572 0
24 29.7722 3.90837 -9.38029 0
25 29.7435 6.14507 -9.06723 0
26 29.719 7.48369 -9.1442 0
27 28.2842 9.00351 -8.79686 0
28 27.5979 11.2277 -8.46572 0
29 26.1537 13.4447 -8.10471 0
30 26.1361 14.8723 -7.52544 0
31 24.0342 17.0768 -7.14636 0
32 24.0191 17.7182 -7.237 0
33 23.9904 19.9549 -6.92393 0
34 23.2409 21.911 -7.24895 0
35 21.8602 23.4859 -6.80962 0
36 21.1263 24.8167 -6.86902 0
37 21.0922 26.0874 -7.23808 0
38 19.6998 28.2997 -6.87657 0
39 19.6469 30.2733 -7.94344 0
40 18.9035 31.5362 -8.29493 0
41 18.1687 33.761 -7.9515 0
42 16.7922 34.4379 -7.90219 0
43 15.3853 35.6324 -8.33992 0
44 15.3664 36.2617 -8.61834 0
45 16.0513 36.8431 -9.01864 0
46 15.3772 36.6737 -9.9489 0
47 13.9969 36.4924 -10.8488 0
48 13.9874 36.4245 -11.1409 0
49 15.3854 34.8213 -9.55982 0
50 15.7599 46.3987 -9.93288 0
51 15.8166 44.5109 -9.0976 0
