46.8449 138.876 43.7385
46.7996 136.952 44.0104
46.7542 135.028 44.2823
48.6819 133.066 44.6085
48.6366 131.141 44.8804
48.5912 129.217 45.1523
47.8867 131.814 45.4623
51.0162 132.049 43.0878
52.337 131.048 44.5251
52.303 129.086 44.169
52.9431 126.57 45.4766
52.9094 126.209 46.4235
54.2426 124.845 47.2476
54.2073 124.299 48.8937
54.8757 123.109 49.9366
54.8446 123.461 51.9728
55.467 122.903 53.637
55.4169 122.626 55.9516
56.068 124.304 57.9289
56.0532 124.573 58.5974
58.1363 126.075 59.6742
58.1444 127.497 60.965
58.1448 128.407 61.5428
60.2278 129.908 62.6197
60.2565 132.145 62.9328
60.281 133.484 62.8558
61.7158 135.004 63.2031
62.4021 137.228 63.5343
63.8463 139.445 63.8953
63.8639 140.872 64.4746
65.9658 143.077 64.8536
65.9809 143.718 64.763
66.0096 145.955 65.0761
66.7591 147.911 64.751
68.1398 149.486 65.1904
68.8737 150.817 65.131
68.9078 152.087 64.7619
70.3002 154.3 65.1234
70.3531 156.273 64.0566
71.0965 157.536 63.7051
71.8313 159.761 64.0485
73.2078 160.438 64.0978
74.6147 161.632 63.6601
74.6336 162.262 63.3817
73.9487 162.843 62.9814
74.6228 162.674 62.0511
76.0031 162.492 61.1512
76.0126 162.424 60.8591
74.6146 160.821 62.4402
74.2401 172.399 62.0671
74.1834 170.511 62.9024
