elmo.2005 elmo.2008 elmo.2012 
NaN 0.000858273 NaN 
NaN 0.000597113 NaN 
NaN 0.000523936 NaN 
NaN 0.000723576 NaN 
NaN 0.000827674 NaN 
NaN 0.000613922 NaN 
NaN 0.000517253 0.000976492 
0.000684213 0.000599981 0.000513049 
0.000535709 0.000772387 0.000573857 
0.000539714 0.000961503 0.000604647 
0.000703657 0.000990063 0.000539196 
0.000716805 0.000863979 0.000543171 
0.000786852 0.000999345 0.00052071 
0.00074735 0.000337817 0.000509744 
0.000720063 0.000282397 0.000558822 
0.000807043 0.000560298 0.000554279 
0.000650845 0.000712211 0.000679116 
0.00065901 0.000669278 0.000505127 
0.000627086 0.00053357 0.000423248 
0.000658482 0.000422297 0.000679387 
0.000625869 0.000578233 0.000633844 
0.000479844 0.000577537 0.000542914 
0.000735952 0.000511694 0.000604642 
0.000539375 0.000430976 0.000550365 
0.000394473 0.000363916 0.000518826 
0.000409637 0.000385638 0.00053893 
0.000649569 0.000454382 0.000436998 
0.00091493 0.000425808 0.000477391 
0.0012174 0.000439877 0.000474845 
0.00107824 0.000452658 0.000404943 
0.000930075 0.000444848 0.000466165 
0.000766452 0.000661037 0.000680956 
0.000691361 0.000587486 0.000642639 
0.000679788 0.000573434 0.000570156 
0.000708987 0.000599694 0.000530289 
0.000661623 0.00062824 0.000523973 
0.000660973 0.000628326 0.000587728 
0.000600944 0.000660415 0.00060753 
0.000519442 0.000793851 0.000611366 
0.000425786 0.000881171 0.000605899 
0.000385345 0.000935262 0.00059591 
0.000496613 0.000784052 0.00054399 
0.000536258 0.000973499 0.000454889 
0.000495435 0.000683084 0.000459656 
0.000485218 0.000704222 0.000385751 
0.000474984 0.000535829 0.000387208 
0.000798883 0.000416852 0.000466245 
0.00102643 0.000549328 0.000518029 
0.00110343 NaN 0.000610914 
0.00100186 NaN NaN 
0.000908237 NaN NaN 
